10 124.8
110 922.8
210 1528
310 3096.4
410 3099.6
510 3545.2
610 5227.6
710 7678.8
810 7723.2
910 9604.8
1010 16110.8
1110 11878
1210 13288
1310 15844.4
1410 37216
1510 41565.6
1610 17476
1710 26812
1810 27914.4
1910 21522
2010 30130.8
2110 39669.6
2210 32039.6
2310 54610.4
2410 42138
2510 33854.4
2610 40077.2
2710 46662
2810 46974.4
2910 48938.4
3010 42625.2
3110 40573.2
3210 43337.6
3310 44866
3410 42900
3510 44527.6
3610 49818
3710 59095.2
3810 58446.8
3910 61652
4010 66838.8
4110 84175.2
4210 79824.8
4310 68771.6
4410 96060.8
4510 91998.8
4610 90483.6
4710 91651.2
4810 91134
4910 92722
5010 113025
5110 96224.4
5210 159687
5310 126547
5410 104572
