10 0
110 6
210 21
310 46
410 75
510 108
610 157
710 214
810 263
910 352
1010 415
1110 527
1210 579
1310 814
1410 804
1510 894
1610 937
1710 1027
1810 1219
1910 1295
2010 1352
2110 1859
2210 1869
2310 2333
2410 2081
2510 2210
2610 2532
2710 2618
2810 2638
2910 2790
3010 3031
3110 3275
3210 3156
3310 3221
3410 3381
3510 3483
3610 3732
3710 3724
3810 4036
3910 4034
4010 4163
4110 5396
4210 5456
4310 5434
4410 5671
4510 5691
4610 6240
4710 6198
4810 6248
4910 6395
5010 6595
5110 6751
5210 7052
5310 7113
5410 7279
