10 1545.6
110 19411.2
210 27866.8
310 40475.6
410 64850
510 55517.6
610 56712.4
710 102530
810 84984
910 115527
1010 146623
1110 151016
1210 169400
1310 153152
1410 201632
1510 183955
1610 238237
1710 239331
1810 363810
1910 415523
2010 335478
2110 319028
2210 289996
2310 408236
2410 304482
2510 310791
2610 460802
2710 411758
2810 425201
2910 441236
3010 409190
3110 409770
3210 447888
3310 420954
3410 401249
3510 403316
3610 408303
3710 416464
3810 482572
3910 423425
4010 423659
4110 431828
4210 651242
4310 619019
4410 620543
4510 647923
4610 644656
4710 638429
4810 670386
4910 678838
5010 845853
5110 1.6521e+06
5210 808436
5310 923479
5410 1.19685e+06
