10 138.8
110 1294.8
210 1761.6
310 3437.6
410 4537.2
510 5707.2
610 7689.6
710 8291.6
810 10753.6
910 10584
1010 13083.2
1110 13730.4
1210 16983.6
1310 18762
1410 19636
1510 23162
1610 23969.2
1710 28944.8
1810 27274
1910 55162
2010 50535.6
2110 88902.8
2210 73106.8
2310 44258
2410 49256.8
2510 63337.2
2610 71034.8
2710 68108.4
2810 64882.4
2910 65695.6
3010 84455.6
3110 91141.6
3210 124222
3310 136623
3410 106499
3510 98599.6
3610 115352
3710 229095
3810 149773
3910 284157
4010 186067
4110 161949
4210 190074
4310 168240
4410 205673
4510 177013
4610 149970
4710 158182
4810 198598
4910 164280
5010 192084
5110 168408
5210 202766
5310 205360
5410 186738
