10 0
110 7
210 25
310 58
410 99
510 149
610 214
710 284
810 354
910 452
1010 547
1110 676
1210 806
1310 942
1410 1084
1510 1237
1610 1392
1710 1569
1810 1751
1910 1939
2010 2144
2110 2360
2210 2586
2310 2828
2410 3090
2510 3334
2610 3590
2710 3876
2810 4193
2910 4466
3010 4809
3110 5143
3210 5484
3310 5824
3410 6170
3510 6523
3610 6947
3710 7330
3810 7728
3910 8099
4010 8490
4110 8936
4210 9349
4310 9837
4410 10305
4510 10753
4610 11252
4710 11701
4810 12180
4910 12765
5010 13277
5110 13751
5210 14281
5310 14826
5410 15413
