10 0
110 9
210 35
310 68
410 141
510 202
610 266
710 353
810 514
910 636
1010 745
1110 908
1210 1041
1310 1251
1410 1405
1510 1521
1610 2077
1710 2254
1810 2535
1910 2734
2010 2985
2110 3382
2210 3586
2310 3849
2410 4080
2510 4319
2610 4901
2710 5105
2810 5417
2910 5739
3010 5948
3110 7873
3210 8212
3310 8596
3410 8955
3510 9454
3610 10033
3710 10436
3810 10684
3910 11397
4010 11752
4110 12959
4210 13344
4310 13799
4410 14294
4510 14662
4610 15235
4710 15638
4810 16122
4910 16693
5010 17042
5110 17432
5210 19213
5310 19683
5410 20199
