10 492
110 1968.4
210 3318.4
310 3686.4
410 5753.2
510 5649.2
610 6690.4
710 7760.8
810 8535.2
910 10196.4
1010 10621.2
1110 12733.6
1210 15845.6
1310 16600.8
1410 20800.4
1510 21511.6
1610 27971.6
1710 27677.2
1810 28831.2
1910 51874
2010 49333.6
2110 46650.8
2210 52516
2310 56628.8
2410 50278.4
2510 60034.8
2610 60465.6
2710 66367.6
2810 70010.4
2910 74338.4
3010 82756
3110 84220
3210 70985.2
3310 74970.8
3410 99063.6
3510 95668
3610 95155.2
3710 97491.2
3810 124555
3910 101943
4010 104041
4110 133470
4210 137335
4310 253262
4410 163838
4510 190307
4610 169684
4710 180929
4810 203444
4910 200019
5010 172850
5110 187531
5210 183629
5310 183229
5410 208255
