10 0
110 9
210 34
310 73
410 131
510 202
610 280
710 377
810 474
910 607
1010 743
1110 917
1210 1084
1310 1264
1410 1480
1510 1704
1610 1929
1710 2171
1810 2440
1910 2704
2010 2978
2110 3273
2210 3583
2310 3925
2410 4284
2510 4644
2610 5004
2710 5413
2810 5858
2910 6229
3010 6678
3110 7140
3210 7590
3310 8057
3410 8560
3510 9045
3610 9607
3710 10126
3810 10634
3910 11143
4010 11711
4110 12290
4210 12864
4310 13519
4410 14192
4510 14846
4610 15541
4710 16160
4810 16847
4910 17638
5010 18373
5110 19055
5210 19765
5310 20517
5410 21347
