100	41.787
1100	49.828
2100	53.554
3100	62.6
4100	60.216
5100	59.827
6100	76.683
7100	81.013
8100	71.434
9100	67.923
10100	65.604
11100	65.774
12100	78.637
13100	86.107
14100	94.903
15100	93.837
16100	90.622
17100	90.485
18100	90.369
19100	93.342
20100	90.677
21100	90.6
22100	90.381
23100	90.527
24100	90.452
25100	90.153
26100	90.539
27100	78.6
28100	81.672
29100	82.585
30100	82.88
31100	103.278
32100	84.942
33100	83.507
34100	82.527
35100	83.194
36100	82.562
37100	86.603
38100	89.764
39100	96.266
40100	93.218
41100	82.745
42100	82.617
43100	82.61
44100	82.706
45100	82.645
46100	81.966
47100	82.568
48100	82.789
49100	78.563
50100	84.92
51100	85.047
52100	84.836
53100	89.102
54100	103.395
55100	90.309
56100	88.836
57100	88.812
58100	85.056
59100	84.918
60100	84.724
61100	93.46
62100	115.24
63100	111.45
64100	111.14
65100	123.236
66100	104.127
67100	120.855
68100	111.866
69100	110.517
70100	112.382
71100	92.508
72100	118.003
73100	126.949
74100	114.264
75100	106.403
76100	126.85
77100	118.274
78100	119.491
79100	85.397
80100	100.21
81100	93.339
82100	103.909
83100	94.142
84100	94.457
85100	113.05
86100	107.512
87100	90.494
88100	85.316
89100	86.262
90100	85.587
91100	86.334
92100	85.964
93100	86.296
94100	85.97
95100	86.413
96100	86.81
97100	85.837
98100	86.023
99100	95.809
100100	92.015
101100	95.427
102100	96.08
103100	96.689
104100	95.546
105100	104.933
106100	130.368
107100	107.228
108100	97.969
109100	93.352
110100	102.094
111100	106.692
112100	96.898
113100	98.226
114100	104.114
115100	104.018
116100	98.056
117100	92.023
118100	102.621
119100	99.555
120100	92.162
121100	123.29
122100	116.586
123100	101.428
124100	94.978
125100	99.99
126100	105.202
127100	107.536
128100	94.989
129100	91.524
130100	116.605
131100	98.538
132100	100.909
133100	108.26
134100	98.671
135100	104.134
136100	110.497
137100	99.066
138100	96.339
139100	94.74
140100	98.058
141100	95.862
142100	113.265
143100	118.566
144100	96.193
145100	90.679
146100	114.414
147100	103.933
148100	93.209
149100	116.738
150100	108.519
151100	90.472
152100	91.14
153100	99.828
154100	97.405
155100	113.032
156100	93.899
157100	93.509
158100	117.482
159100	109.648
160100	110.256
161100	102.725
162100	110.648
163100	117.489
164100	94.55
165100	90.369
166100	121.557
167100	119.239
168100	108.674
169100	106.502
170100	102.464
171100	120.235
172100	107.246
173100	104.873
174100	98.337
175100	118.891
176100	104.044
177100	91.44
178100	118.582
179100	121.526
180100	108.632
181100	108.246
182100	117.539
183100	109.429
184100	143.567
185100	112.179
186100	112.329
187100	105.595
188100	99.574
189100	130.715
190100	113.88
191100	159.117
192100	123.391
193100	121.447
194100	113.06
195100	121.26
196100	114.841
197100	182.655
198100	154.502
199100	154.558
200100	136.779
201100	146.47
202100	129.506
203100	114.056
204100	121.05
205100	124.422
206100	115.659
207100	119.301
208100	119.772
209100	125.635
210100	118.064
211100	117.839
212100	106.106
213100	116.925
214100	106.361
215100	98.9
216100	99.29
217100	128.641
218100	136.597
219100	124.96
220100	115.545
221100	135.468
222100	134.705
223100	101.648
224100	109.154
225100	113.174
226100	123.365
227100	133.697
228100	136.066
229100	103.29
230100	117.725
231100	128.01
232100	105.361
233100	152.151
234100	121.013
235100	130.166
236100	132.377
237100	135.892
238100	149.748
239100	144.118
240100	129.918
241100	153.042
242100	131.074
243100	124.125
244100	113.457
245100	132.839
246100	102.77
247100	108.175
248100	117.634
249100	126.133
250100	153.02
251100	148.626
252100	151.255
253100	150.663
254100	120.867
255100	135.4
256100	116.887
257100	128.282
258100	103.294
259100	122.71
260100	132.252
261100	127.178
262100	117.247
263100	119.255
264100	102.243
265100	120.734
266100	118.106
267100	108.761
268100	100.83
269100	118.959
270100	113.034
271100	115.112
272100	115.911
273100	108.984
274100	113.043
275100	112.054
276100	123.932
277100	100.504
278100	102.923
279100	103.952
280100	106.814
281100	118.869
282100	105.179
283100	119.168
284100	109.004
285100	103.122
286100	122.149
287100	121.292
288100	119.05
289100	108.88
290100	121.255
291100	114.142
292100	102.495
293100	99.718
294100	110.522
295100	111.94
296100	101.986
297100	101.39
298100	99.325
299100	100.992
300100	102.939
301100	100.318
302100	105.249
303100	99.909
304100	99.382
305100	99.44
306100	100.106
307100	99.216
308100	99.026
309100	99.662
310100	99.203
311100	104.23
312100	99.312
313100	99.492
314100	151.332
315100	101.216
316100	158.177
317100	127.45
318100	108.553
319100	99.556
320100	96.501
321100	97.179
322100	98.397
323100	98.035
324100	98.236
325100	98.399
326100	98.363
327100	103.932
328100	134.223
329100	138.504
330100	99.094
331100	97.322
332100	97.685
333100	98.521
334100	98.334
335100	97.926
336100	98.145
337100	103.241
338100	101.442
339100	102.082
340100	102.105
341100	98.984
342100	99.58
343100	98.973
344100	99.812
345100	98.032
346100	98.178
347100	160.797
348100	137.014
349100	110.232
350100	100.096
351100	97.954
352100	99.061
353100	103.195
354100	116.78
355100	104.704
356100	110.153
357100	122.896
358100	118.21
359100	126.122
360100	104.609
361100	106.997
362100	125.137
363100	111.923
364100	116.882
365100	112.004
366100	111.158
367100	113.705
368100	113.45
369100	116.767
370100	105.06
371100	129.002
372100	108.708
373100	118.345
374100	114.397
375100	112.36
376100	100.14
377100	98.421
378100	127.535
379100	110.823
380100	109.856
381100	104.528
382100	108.897
383100	111.55
384100	117.127
385100	103.641
386100	102.863
387100	118.969
388100	117.96
389100	99.392
390100	98.357
391100	98.162
392100	108.382
393100	115.091
394100	130.732
395100	131.071
396100	128.77
397100	129.43
398100	129.796
399100	129.797
400100	129.098
401100	129.108
402100	128.736
403100	162.306
404100	188.355
405100	148.129
406100	190.956
407100	131.161
408100	129.133
409100	128.686
410100	146.021
411100	165.348
412100	137.085
413100	151.909
414100	128.907
415100	130.068
416100	129.549
417100	129.503
418100	129.43
419100	130.059
420100	129.775
421100	128.651
422100	130.745
423100	129.06
424100	161.467
425100	204.563
426100	151.719
427100	149.722
428100	136.386
429100	133.691
430100	137.442
431100	132.745
432100	131.896
433100	131.112
434100	131.398
435100	131.263
436100	130.462
437100	135.682
438100	226.677
439100	133.838
440100	263.475
441100	141.991
442100	201.257
443100	161.675
444100	301.901
445100	168.288
446100	163.818
447100	162.14
448100	156.369
449100	163.158
450100	154.624
451100	141.65
452100	131.164
453100	126.444
454100	157.793
455100	133.436
456100	155.364
457100	150.122
458100	156.987
459100	172.896
460100	192.257
461100	176.214
462100	172.832
463100	175.023
464100	182.344
465100	155.088
466100	143.376
467100	142.455
468100	163.991
469100	161.415
470100	133.498
471100	160.248
472100	138.501
473100	134.471
474100	129.965
475100	129.791
476100	158.938
477100	137.69
478100	132.435
479100	160.804
480100	160.293
481100	159.381
482100	145.185
483100	139.188
484100	138.762
485100	136.796
486100	150.608
487100	170.961
488100	163.942
489100	135.565
490100	136.335
491100	138.65
492100	138.189
493100	146.917
494100	164.047
495100	171.011
496100	167.844
497100	155.495
498100	129.671
499100	150.096
500100	130.135
501100	163.848
502100	156.74
503100	140.176
504100	154.803
505100	156.589
506100	134.611
507100	129.962
508100	128.708
509100	129.033
510100	128.633
511100	131.131
512100	130.789
513100	131.468
514100	129.054
515100	128.331
516100	128.812
517100	128.211
518100	131.957
519100	135.457
520100	188.679
521100	130.071
522100	128.803
523100	128.614
524100	128.999
525100	129.316
526100	128.067
527100	131.067
528100	128.601
529100	128.558
530100	130.063
531100	128.89
532100	128.655
533100	128.142
534100	128.774
535100	128.528
536100	127.745
537100	130.517
538100	126.767
539100	129.432
540100	129.311
541100	139.637
542100	180.146
543100	160.207
544100	128.709
545100	201.072
546100	146.164
547100	131.281
548100	129.832
549100	130.106
550100	130.119
551100	129.979
552100	130.147
553100	130.508
554100	129.865
555100	130.108
556100	133.886
557100	130.534
558100	130.048
559100	129.988
560100	130.642
561100	130.229
562100	130.364
563100	134.201
564100	132.67
565100	130.378
566100	129.803
567100	131.805
568100	130.542
569100	134.714
570100	130.324
571100	129.539
572100	131.056
573100	130.608
574100	130.282
575100	129.669
576100	134.001
577100	130.2
578100	129.375
579100	129.769
580100	130.753
581100	130
582100	129.507
583100	133.909
584100	130.206
585100	130.424
586100	130.463
587100	129.99
588100	130.831
589100	134.925
590100	129.802
591100	130.235
592100	129.576
593100	130.428
594100	130.673
595100	129.801
596100	134.402
597100	129.697
598100	129.645
599100	129.613
600100	130.76
601100	130.383
602100	131.129
603100	129.987
604100	130.033
605100	130.136
606100	131.059
607100	130.334
608100	130.19
609100	132.573
610100	129.373
611100	129.806
612100	130.238
613100	130.326
614100	129.365
615100	129.966
616100	133.645
617100	129.407
618100	129.622
619100	162.689
620100	209.805
621100	152.086
622100	132.574
623100	127.468
624100	128.618
625100	128.889
626100	129.422
627100	130.693
628100	129.839
629100	129.14
630100	130.085
631100	129.129
632100	128.465
633100	129.937
634100	130.382
635100	129.606
636100	130.188
637100	130.236
638100	130.039
639100	129.416
640100	129.105
641100	128.371
642100	129.226
643100	127.829
644100	128.079
645100	128.134
646100	128.28
647100	128.175
648100	129.635
649100	127.374
650100	128.046
651100	128.615
652100	128.017
653100	128.687
654100	127.585
655100	128.117
656100	128.838
657100	128.511
658100	128.013
659100	127.606
660100	128.286
661100	129.051
662100	128.284
663100	128.232
664100	128.39
665100	127.64
666100	128.49
667100	128.436
668100	128.72
669100	128.191
670100	129.062
671100	129.447
672100	127.932
673100	127.736
674100	128.947
675100	127.837
676100	128.949
677100	128.118
678100	128.175
679100	128.25
680100	127.516
681100	128.903
682100	127.81
683100	127.725
684100	127.822
685100	128.135
686100	128.314
687100	127.689
688100	127.678
689100	128.187
690100	128.453
691100	128.829
692100	127.828
693100	127.952
694100	130.261
695100	127.704
696100	127.79
697100	128.601
698100	128.593
699100	138.876
700100	204.39
701100	145.025
702100	130.088
703100	130.143
704100	130.913
705100	131.146
706100	133.734
707100	135.471
708100	133.137
709100	132.029
710100	139.917
711100	130.215
712100	131.029
713100	134.967
714100	131.308
715100	131.626
716100	130.473
717100	130.678
718100	131.766
719100	135.289
720100	130.063
721100	130.064
722100	130.503
723100	130.237
724100	130.488
725100	129.633
726100	134.192
727100	130.252
728100	130.814
729100	129.571
730100	131.405
731100	130.094
732100	134.161
733100	129.958
734100	129.231
735100	130.971
736100	131.908
737100	130.773
738100	130.056
739100	134.868
740100	131.391
741100	129.327
742100	130.009
743100	129.951
744100	130.363
745100	137.664
746100	129.822
747100	130.182
748100	130.879
749100	130.694
750100	130.661
751100	130.415
752100	130.03
753100	129.557
754100	130.57
755100	129.472
756100	129.649
757100	129.834
758100	133.075
759100	129.639
760100	130.528
761100	130.217
762100	132.41
763100	129.92
764100	132.883
765100	130.298
766100	129.683
767100	130.147
768100	129.713
769100	130.354
770100	129.367
771100	133.165
772100	129.568
773100	130.035
774100	129.868
775100	130.019
776100	130.631
777100	133.052
778100	128.998
779100	130.455
780100	130.37
781100	129.669
782100	130.927
783100	129.615
784100	130.177
785100	129.379
786100	129.797
787100	135.463
788100	135.773
789100	135.401
790100	139.028
791100	135.282
792100	136.033
793100	135.344
794100	138.75
795100	137.578
796100	141.589
797100	137.326
798100	136.026
799100	135.802
800100	136.464
801100	135.684
802100	140.516
803100	135.992
804100	136.039
805100	135.746
806100	136.541
807100	135.972
808100	139.988
809100	135.853
810100	135.713
811100	135.816
812100	136.12
813100	136.29
814100	140.234
815100	136.173
816100	136.027
817100	136.433
818100	136.508
819100	136.111
820100	140.768
821100	136.163
822100	136.932
823100	137.365
824100	206.012
825100	199.546
826100	149.093
827100	133.788
828100	135.597
829100	136.084
830100	135.81
831100	135.755
832100	137.09
833100	134.438
834100	134.768
835100	134.866
836100	134.971
837100	134.452
838100	134.524
839100	134.757
840100	135.182
841100	135.016
842100	134.415
843100	134.863
844100	134.783
845100	134.769
846100	134.1
847100	134.593
848100	134.536
849100	134.949
850100	134.717
851100	135.142
852100	134.74
853100	137.577
854100	136.305
855100	136.621
856100	136.133
857100	134.361
858100	135.527
859100	134.536
860100	135.471
861100	134
862100	134.34
863100	133.979
864100	134.003
865100	134.711
866100	134.27
867100	134.314
868100	134.287
869100	133.891
870100	133.938
871100	134.165
872100	134.211
873100	134.666
874100	134.001
875100	133.72
876100	134.247
877100	134.439
878100	134.058
879100	134.516
880100	134.601
881100	134.128
882100	134.584
883100	136.44
884100	135.716
885100	135.789
886100	135.533
887100	134.5
888100	134.019
889100	134.114
890100	133.964
891100	134.02
892100	134.632
893100	210.884
894100	189.253
895100	131.127
896100	134.394
897100	134.921
898100	135.256
899100	134.625
900100	134.724
901100	135.012
902100	134.502
903100	134.242
904100	134.245
905100	134.306
906100	134.507
907100	134.418
908100	134.048
909100	134.389
910100	134.586
911100	134.476
912100	136.041
913100	136.255
914100	135.879
915100	135.071
916100	134.808
917100	134.163
918100	134.279
919100	133.863
920100	134.363
921100	133.838
922100	133.915
923100	133.94
924100	134.089
925100	133.85
926100	133.92
927100	134.721
928100	134.714
929100	134.159
930100	134.486
931100	134.329
932100	134.441
933100	133.943
934100	134.688
935100	133.991
936100	134.126
937100	134.443
938100	134.563
939100	134.2
940100	134.334
941100	133.944
942100	136.764
943100	134.955
944100	135.737
945100	135.301
946100	134.319
947100	134.087
948100	134.01
949100	134.207
950100	133.997
951100	134.359
952100	134.444
953100	134.438
954100	134.252
955100	134.22
956100	133.905
957100	133.975
958100	134.579
959100	134.245
960100	133.996
961100	134.433
962100	134.353
963100	134.434
964100	134.609
965100	134.323
966100	134.381
967100	134.278
968100	134.357
969100	134.708
970100	134.307
971100	133.942
972100	137.238
973100	136.219
974100	135.919
975100	134.426
976100	134.17
977100	134.382
978100	134.666
979100	134.356
980100	133.922
981100	134.126
982100	134.361
983100	134.164
984100	134.384
985100	134.168
986100	134.502
987100	133.8
988100	134.039
989100	133.999
990100	134.708
991100	134.145
992100	134.335
993100	134.093
994100	134.238
995100	134.156
996100	134.086
997100	134.273
998100	134.031
999100	133.952
1000100	135.009
